[-6.337000574984195, 13.740023633665597]
El intervalo es el siguiente-3.141592653589793 3.141592653589793+ , obtenido en {intentos} iteraciones
 i |     a     |     c     |     b     |     fa    |     fc     |     fb     |   b-a
----------------------------------------------------------------------------------------
 1 | -3.1415927 | 0.0000000 | 3.1415927 | -6.3370006 | 3.7015115 | 13.7400236 | 6.2831853
 2 | -3.1415927 | -1.5707963 | 0.0000000 | -6.3370006 | 9.5450397 | 3.7015115 | 3.1415927
 3 | -3.1415927 | -2.3561945 | -1.5707963 | -6.3370006 | 3.5998164 | 9.5450397 | 1.5707963
 4 | -3.1415927 | -2.7488936 | -2.3561945 | -6.3370006 | -1.3428889 | 3.5998164 | 0.7853982
 5 | -2.7488936 | -2.5525440 | -2.3561945 | -1.3428889 | 1.2074138 | 3.5998164 | 0.3926991
 6 | -2.7488936 | -2.6507188 | -2.5525440 | -1.3428889 | -0.0564821 | 1.2074138 | 0.1963495
 7 | -2.6507188 | -2.6016314 | -2.5525440 | -0.0564821 | 0.5793859 | 1.2074138 | 0.0981748
 8 | -2.6507188 | -2.6261751 | -2.6016314 | -0.0564821 | 0.2622962 | 0.5793859 | 0.0490874
 9 | -2.6507188 | -2.6384470 | -2.6261751 | -0.0564821 | 0.1031010 | 0.2622962 | 0.0245437
10 | -2.6507188 | -2.6445829 | -2.6384470 | -0.0564821 | 0.0233558 | 0.1031010 | 0.0122718
11 | -2.6507188 | -2.6476508 | -2.6445829 | -0.0564821 | -0.0165518 | 0.0233558 | 0.0061359
12 | -2.6476508 | -2.6461169 | -2.6445829 | -0.0165518 | 0.0034048 | 0.0233558 | 0.0030680
13 | -2.6476508 | -2.6468838 | -2.6461169 | -0.0165518 | -0.0065728 | 0.0034048 | 0.0015340
14 | -2.6468838 | -2.6465004 | -2.6461169 | -0.0065728 | -0.0015838 | 0.0034048 | 0.0007670
15 | -2.6465004 | -2.6463086 | -2.6461169 | -0.0015838 | 0.0009105 | 0.0034048 | 0.0003835
16 | -2.6465004 | -2.6464045 | -2.6463086 | -0.0015838 | -0.0003366 | 0.0009105 | 0.0001917
17 | -2.6464045 | -2.6463565 | -2.6463086 | -0.0003366 | 0.0002870 | 0.0009105 | 0.0000959
18 | -2.6464045 | -2.6463805 | -2.6463565 | -0.0003366 | -0.0000248 | 0.0002870 | 0.0000479
19 | -2.6463805 | -2.6463685 | -2.6463565 | -0.0000248 | 0.0001311 | 0.0002870 | 0.0000240
20 | -2.6463805 | -2.6463745 | -2.6463685 | -0.0000248 | 0.0000531 | 0.0001311 | 0.0000120
21 | -2.6463805 | -2.6463775 | -2.6463745 | -0.0000248 | 0.0000141 | 0.0000531 | 0.0000060
22 | -2.6463805 | -2.6463790 | -2.6463775 | -0.0000248 | -0.0000053 | 0.0000141 | 0.0000030
23 | -2.6463790 | -2.6463783 | -2.6463775 | -0.0000053 | 0.0000044 | 0.0000141 | 0.0000015
24 | -2.6463790 | -2.6463786 | -2.6463783 | -0.0000053 | -0.0000005 | 0.0000044 | 0.0000007
25 | -2.6463786 | -2.6463785 | -2.6463783 | -0.0000005 | 0.0000020 | 0.0000044 | 0.0000004
26 | -2.6463786 | -2.6463785 | -2.6463785 | -0.0000005 | 0.0000008 | 0.0000020 | 0.0000002
27 | -2.6463786 | -2.6463786 | -2.6463785 | -0.0000005 | 0.0000001 | 0.0000008 | 0.0000001
28 | -2.6463786 | -2.6463786 | -2.6463786 | -0.0000005 | -0.0000002 | 0.0000001 | 0.0000000
29 | -2.6463786 | -2.6463786 | -2.6463786 | -0.0000002 | -0.0000000 | 0.0000001 | 0.0000000
[0.5574620307769225, -18.545999350949945]
El intervalo es el siguiente-3.141592653589793 3.141592653589793+ , obtenido en {intentos} iteraciones
 i |     a     |     c     |     b     |     fa    |     fc     |     fb     |   b-a
----------------------------------------------------------------------------------------
 1 | -3.1415927 | 0.0000000 | 3.1415927 | 0.5574620 | -8.9942687 | -18.5459994 | 6.2831853
 2 | -3.1415927 | -1.5707963 | 0.0000000 | 0.5574620 | -14.5937276 | -8.9942687 | 3.1415927
 3 | -3.1415927 | -2.3561945 | -1.5707963 | 0.5574620 | -10.8437893 | -14.5937276 | 1.5707963
 4 | -3.1415927 | -2.7488936 | -2.3561945 | 0.5574620 | -5.8653455 | -10.8437893 | 0.7853982
 5 | -3.1415927 | -2.9452431 | -2.7488936 | 0.5574620 | -2.7778310 | -5.8653455 | 0.3926991
 6 | -3.1415927 | -3.0434179 | -2.9452431 | 0.5574620 | -1.1326219 | -2.7778310 | 0.1963495
 7 | -3.1415927 | -3.0925053 | -3.0434179 | 0.5574620 | -0.2920453 | -1.1326219 | 0.0981748
 8 | -3.1415927 | -3.1170490 | -3.0925053 | 0.5574620 | 0.1317393 | -0.2920453 | 0.0490874
 9 | -3.1170490 | -3.1047771 | -3.0925053 | 0.1317393 | -0.0804138 | -0.2920453 | 0.0245437
10 | -3.1170490 | -3.1109130 | -3.1047771 | 0.1317393 | 0.0255999 | -0.0804138 | 0.0122718
11 | -3.1109130 | -3.1078451 | -3.1047771 | 0.0255999 | -0.0274230 | -0.0804138 | 0.0061359
12 | -3.1109130 | -3.1093791 | -3.1078451 | 0.0255999 | -0.0009155 | -0.0274230 | 0.0030680
13 | -3.1109130 | -3.1101460 | -3.1093791 | 0.0255999 | 0.0123412 | -0.0009155 | 0.0015340
14 | -3.1101460 | -3.1097626 | -3.1093791 | 0.0123412 | 0.0057126 | -0.0009155 | 0.0007670
15 | -3.1097626 | -3.1095708 | -3.1093791 | 0.0057126 | 0.0023985 | -0.0009155 | 0.0003835
16 | -3.1095708 | -3.1094749 | -3.1093791 | 0.0023985 | 0.0007414 | -0.0009155 | 0.0001917
17 | -3.1094749 | -3.1094270 | -3.1093791 | 0.0007414 | -0.0000871 | -0.0009155 | 0.0000959
18 | -3.1094749 | -3.1094510 | -3.1094270 | 0.0007414 | 0.0003272 | -0.0000871 | 0.0000479
19 | -3.1094510 | -3.1094390 | -3.1094270 | 0.0003272 | 0.0001201 | -0.0000871 | 0.0000240
20 | -3.1094390 | -3.1094330 | -3.1094270 | 0.0001201 | 0.0000165 | -0.0000871 | 0.0000120
21 | -3.1094330 | -3.1094300 | -3.1094270 | 0.0000165 | -0.0000353 | -0.0000871 | 0.0000060
22 | -3.1094330 | -3.1094315 | -3.1094300 | 0.0000165 | -0.0000094 | -0.0000353 | 0.0000030
23 | -3.1094330 | -3.1094322 | -3.1094315 | 0.0000165 | 0.0000036 | -0.0000094 | 0.0000015
24 | -3.1094322 | -3.1094319 | -3.1094315 | 0.0000036 | -0.0000029 | -0.0000094 | 0.0000007
25 | -3.1094322 | -3.1094320 | -3.1094319 | 0.0000036 | 0.0000003 | -0.0000029 | 0.0000004
26 | -3.1094320 | -3.1094320 | -3.1094319 | 0.0000003 | -0.0000013 | -0.0000029 | 0.0000002
27 | -3.1094320 | -3.1094320 | -3.1094320 | 0.0000003 | -0.0000005 | -0.0000013 | 0.0000001
28 | -3.1094320 | -3.1094320 | -3.1094320 | 0.0000003 | -0.0000001 | -0.0000005 | 0.0000000
29 | -3.1094320 | -3.1094320 | -3.1094320 | 0.0000003 | 0.0000001 | -0.0000001 | 0.0000000
[8.339973382517476, -2.789164142386247]
El intervalo es el siguiente-3.141592653589793 3.141592653589793+ , obtenido en {intentos} iteraciones
 i |     a     |     c     |     b     |     fa    |     fc     |     fb     |   b-a
----------------------------------------------------------------------------------------
 1 | -3.1415927 | 0.0000000 | 3.1415927 | 8.3399734 | 2.7754046 | -2.7891641 | 6.2831853
 2 | 0.0000000 | 1.5707963 | 3.1415927 | 2.7754046 | 8.9645905 | -2.7891641 | 3.1415927
 3 | 1.5707963 | 2.3561945 | 3.1415927 | 8.9645905 | 7.3649371 | -2.7891641 | 1.5707963
 4 | 2.3561945 | 2.7488936 | 3.1415927 | 7.3649371 | 3.2646194 | -2.7891641 | 0.7853982
 5 | 2.7488936 | 2.9452431 | 3.1415927 | 3.2646194 | 0.4408261 | -2.7891641 | 0.3926991
 6 | 2.9452431 | 3.0434179 | 3.1415927 | 0.4408261 | -1.1302843 | -2.7891641 | 0.1963495
 7 | 2.9452431 | 2.9943305 | 3.0434179 | 0.4408261 | -0.3328237 | -1.1302843 | 0.0981748
 8 | 2.9452431 | 2.9697868 | 2.9943305 | 0.4408261 | 0.0570882 | -0.3328237 | 0.0490874
 9 | 2.9697868 | 2.9820587 | 2.9943305 | 0.0570882 | -0.1371095 | -0.3328237 | 0.0245437
10 | 2.9697868 | 2.9759227 | 2.9820587 | 0.0570882 | -0.0398194 | -0.1371095 | 0.0122718
11 | 2.9697868 | 2.9728548 | 2.9759227 | 0.0570882 | 0.0086824 | -0.0398194 | 0.0061359
12 | 2.9728548 | 2.9743887 | 2.9759227 | 0.0086824 | -0.0155565 | -0.0398194 | 0.0030680
13 | 2.9728548 | 2.9736218 | 2.9743887 | 0.0086824 | -0.0034340 | -0.0155565 | 0.0015340
14 | 2.9728548 | 2.9732383 | 2.9736218 | 0.0086824 | 0.0026249 | -0.0034340 | 0.0007670
15 | 2.9732383 | 2.9734300 | 2.9736218 | 0.0026249 | -0.0004044 | -0.0034340 | 0.0003835
16 | 2.9732383 | 2.9733341 | 2.9734300 | 0.0026249 | 0.0011103 | -0.0004044 | 0.0001917
17 | 2.9733341 | 2.9733821 | 2.9734300 | 0.0011103 | 0.0003530 | -0.0004044 | 0.0000959
18 | 2.9733821 | 2.9734060 | 2.9734300 | 0.0003530 | -0.0000257 | -0.0004044 | 0.0000479
19 | 2.9733821 | 2.9733941 | 2.9734060 | 0.0003530 | 0.0001637 | -0.0000257 | 0.0000240
20 | 2.9733941 | 2.9734000 | 2.9734060 | 0.0001637 | 0.0000690 | -0.0000257 | 0.0000120
21 | 2.9734000 | 2.9734030 | 2.9734060 | 0.0000690 | 0.0000216 | -0.0000257 | 0.0000060
22 | 2.9734030 | 2.9734045 | 2.9734060 | 0.0000216 | -0.0000020 | -0.0000257 | 0.0000030
23 | 2.9734030 | 2.9734038 | 2.9734045 | 0.0000216 | 0.0000098 | -0.0000020 | 0.0000015
24 | 2.9734038 | 2.9734042 | 2.9734045 | 0.0000098 | 0.0000039 | -0.0000020 | 0.0000007
25 | 2.9734042 | 2.9734044 | 2.9734045 | 0.0000039 | 0.0000009 | -0.0000020 | 0.0000004
26 | 2.9734044 | 2.9734044 | 2.9734045 | 0.0000009 | -0.0000005 | -0.0000020 | 0.0000002
27 | 2.9734044 | 2.9734044 | 2.9734044 | 0.0000009 | 0.0000002 | -0.0000005 | 0.0000001
28 | 2.9734044 | 2.9734044 | 2.9734044 | 0.0000002 | -0.0000002 | -0.0000005 | 0.0000000
29 | 2.9734044 | 2.9734044 | 2.9734044 | 0.0000002 | 0.0000000 | -0.0000002 | 0.0000000
[-4.163241777568214, 10.506050064113824]
El intervalo es el siguiente-3.141592653589793 3.141592653589793+ , obtenido en {intentos} iteraciones
 i |     a     |     c     |     b     |     fa    |     fc     |     fb     |   b-a
----------------------------------------------------------------------------------------
 1 | -3.1415927 | 0.0000000 | 3.1415927 | -4.1632418 | 3.1714041 | 10.5060501 | 6.2831853
 2 | -3.1415927 | -1.5707963 | 0.0000000 | -4.1632418 | -1.1099046 | 3.1714041 | 3.1415927
 3 | -1.5707963 | -0.7853982 | 0.0000000 | -1.1099046 | 3.7397255 | 3.1714041 | 1.5707963
 4 | -1.5707963 | -1.1780972 | -0.7853982 | -1.1099046 | 1.7979274 | 3.7397255 | 0.7853982
 5 | -1.5707963 | -1.3744468 | -1.1780972 | -1.1099046 | 0.4178178 | 1.7979274 | 0.3926991
 6 | -1.5707963 | -1.4726216 | -1.3744468 | -1.1099046 | -0.3345682 | 0.4178178 | 0.1963495
 7 | -1.4726216 | -1.4235342 | -1.3744468 | -0.3345682 | 0.0454064 | 0.4178178 | 0.0981748
 8 | -1.4726216 | -1.4480779 | -1.4235342 | -0.3345682 | -0.1437473 | 0.0454064 | 0.0490874
 9 | -1.4480779 | -1.4358060 | -1.4235342 | -0.1437473 | -0.0489479 | 0.0454064 | 0.0245437
10 | -1.4358060 | -1.4296701 | -1.4235342 | -0.0489479 | -0.0017134 | 0.0454064 | 0.0122718
11 | -1.4296701 | -1.4266021 | -1.4235342 | -0.0017134 | 0.0218611 | 0.0454064 | 0.0061359
12 | -1.4296701 | -1.4281361 | -1.4266021 | -0.0017134 | 0.0100775 | 0.0218611 | 0.0030680
13 | -1.4296701 | -1.4289031 | -1.4281361 | -0.0017134 | 0.0041829 | 0.0100775 | 0.0015340
14 | -1.4296701 | -1.4292866 | -1.4289031 | -0.0017134 | 0.0012350 | 0.0041829 | 0.0007670
15 | -1.4296701 | -1.4294783 | -1.4292866 | -0.0017134 | -0.0002391 | 0.0012350 | 0.0003835
16 | -1.4294783 | -1.4293825 | -1.4292866 | -0.0002391 | 0.0004980 | 0.0012350 | 0.0001917
17 | -1.4294783 | -1.4294304 | -1.4293825 | -0.0002391 | 0.0001294 | 0.0004980 | 0.0000959
18 | -1.4294783 | -1.4294544 | -1.4294304 | -0.0002391 | -0.0000549 | 0.0001294 | 0.0000479
19 | -1.4294544 | -1.4294424 | -1.4294304 | -0.0000549 | 0.0000373 | 0.0001294 | 0.0000240
20 | -1.4294544 | -1.4294484 | -1.4294424 | -0.0000549 | -0.0000088 | 0.0000373 | 0.0000120
21 | -1.4294484 | -1.4294454 | -1.4294424 | -0.0000088 | 0.0000142 | 0.0000373 | 0.0000060
22 | -1.4294484 | -1.4294469 | -1.4294454 | -0.0000088 | 0.0000027 | 0.0000142 | 0.0000030
23 | -1.4294484 | -1.4294476 | -1.4294469 | -0.0000088 | -0.0000030 | 0.0000027 | 0.0000015
24 | -1.4294476 | -1.4294473 | -1.4294469 | -0.0000030 | -0.0000002 | 0.0000027 | 0.0000007
25 | -1.4294473 | -1.4294471 | -1.4294469 | -0.0000002 | 0.0000013 | 0.0000027 | 0.0000004
26 | -1.4294473 | -1.4294472 | -1.4294471 | -0.0000002 | 0.0000006 | 0.0000013 | 0.0000002
27 | -1.4294473 | -1.4294472 | -1.4294472 | -0.0000002 | 0.0000002 | 0.0000006 | 0.0000001
28 | -1.4294473 | -1.4294472 | -1.4294472 | -0.0000002 | 0.0000000 | 0.0000002 | 0.0000000
29 | -1.4294473 | -1.4294473 | -1.4294472 | -0.0000002 | -0.0000001 | 0.0000000 | 0.0000000
[12.268944933160094, -24.32954223476491]
El intervalo es el siguiente-3.141592653589793 3.141592653589793+ , obtenido en {intentos} iteraciones
 i |     a     |     c     |     b     |     fa    |     fc     |     fb     |   b-a
----------------------------------------------------------------------------------------
 1 | -3.1415927 | 0.0000000 | 3.1415927 | 12.2689449 | -6.0302987 | -24.3295422 | 6.2831853
 2 | -3.1415927 | -1.5707963 | 0.0000000 | 12.2689449 | -2.3988150 | -6.0302987 | 3.1415927
 3 | -3.1415927 | -2.3561945 | -1.5707963 | 12.2689449 | 6.5501431 | -2.3988150 | 1.5707963
 4 | -2.3561945 | -1.9634954 | -1.5707963 | 6.5501431 | 1.9383439 | -2.3988150 | 0.7853982
 5 | -1.9634954 | -1.7671459 | -1.5707963 | 1.9383439 | -0.3260496 | -2.3988150 | 0.3926991
 6 | -1.9634954 | -1.8653206 | -1.7671459 | 1.9383439 | 0.7892384 | -0.3260496 | 0.1963495
 7 | -1.8653206 | -1.8162333 | -1.7671459 | 0.7892384 | 0.2264381 | -0.3260496 | 0.0981748
 8 | -1.8162333 | -1.7916896 | -1.7671459 | 0.2264381 | -0.0512070 | -0.3260496 | 0.0490874
 9 | -1.8162333 | -1.8039614 | -1.7916896 | 0.2264381 | 0.0872791 | -0.0512070 | 0.0245437
10 | -1.8039614 | -1.7978255 | -1.7916896 | 0.0872791 | 0.0179502 | -0.0512070 | 0.0122718
11 | -1.7978255 | -1.7947575 | -1.7916896 | 0.0179502 | -0.0166501 | -0.0512070 | 0.0061359
12 | -1.7978255 | -1.7962915 | -1.7947575 | 0.0179502 | 0.0006446 | -0.0166501 | 0.0030680
13 | -1.7962915 | -1.7955245 | -1.7947575 | 0.0006446 | -0.0080041 | -0.0166501 | 0.0015340
14 | -1.7962915 | -1.7959080 | -1.7955245 | 0.0006446 | -0.0036801 | -0.0080041 | 0.0007670
15 | -1.7962915 | -1.7960998 | -1.7959080 | 0.0006446 | -0.0015178 | -0.0036801 | 0.0003835
16 | -1.7962915 | -1.7961956 | -1.7960998 | 0.0006446 | -0.0004366 | -0.0015178 | 0.0001917
17 | -1.7962915 | -1.7962436 | -1.7961956 | 0.0006446 | 0.0001040 | -0.0004366 | 0.0000959
18 | -1.7962436 | -1.7962196 | -1.7961956 | 0.0001040 | -0.0001663 | -0.0004366 | 0.0000479
19 | -1.7962436 | -1.7962316 | -1.7962196 | 0.0001040 | -0.0000311 | -0.0001663 | 0.0000240
20 | -1.7962436 | -1.7962376 | -1.7962316 | 0.0001040 | 0.0000364 | -0.0000311 | 0.0000120
21 | -1.7962376 | -1.7962346 | -1.7962316 | 0.0000364 | 0.0000026 | -0.0000311 | 0.0000060
22 | -1.7962346 | -1.7962331 | -1.7962316 | 0.0000026 | -0.0000142 | -0.0000311 | 0.0000030
23 | -1.7962346 | -1.7962338 | -1.7962331 | 0.0000026 | -0.0000058 | -0.0000142 | 0.0000015
24 | -1.7962346 | -1.7962342 | -1.7962338 | 0.0000026 | -0.0000016 | -0.0000058 | 0.0000007
25 | -1.7962346 | -1.7962344 | -1.7962342 | 0.0000026 | 0.0000005 | -0.0000016 | 0.0000004
26 | -1.7962344 | -1.7962343 | -1.7962342 | 0.0000005 | -0.0000005 | -0.0000016 | 0.0000002
27 | -1.7962344 | -1.7962343 | -1.7962343 | 0.0000005 | 0.0000000 | -0.0000005 | 0.0000001
28 | -1.7962343 | -1.7962343 | -1.7962343 | 0.0000000 | -0.0000003 | -0.0000005 | 0.0000000
29 | -1.7962343 | -1.7962343 | -1.7962343 | 0.0000000 | -0.0000001 | -0.0000003 | 0.0000000
[-9.381045542389861, 14.256705374988695]
El intervalo es el siguiente-3.141592653589793 3.141592653589793+ , obtenido en {intentos} iteraciones
 i |     a     |     c     |     b     |     fa    |     fc     |     fb     |   b-a
----------------------------------------------------------------------------------------
 1 | -3.1415927 | 0.0000000 | 3.1415927 | -9.3810455 | 2.4378299 | 14.2567054 | 6.2831853
 2 | -3.1415927 | -1.5707963 | 0.0000000 | -9.3810455 | 6.4026033 | 2.4378299 | 3.1415927
 3 | -3.1415927 | -2.3561945 | -1.5707963 | -9.3810455 | -0.6007659 | 6.4026033 | 1.5707963
 4 | -2.3561945 | -1.9634954 | -1.5707963 | -0.6007659 | 3.5878062 | 6.4026033 | 0.7853982
 5 | -2.3561945 | -2.1598449 | -1.9634954 | -0.6007659 | 1.6204200 | 3.5878062 | 0.3926991
 6 | -2.3561945 | -2.2580197 | -2.1598449 | -0.6007659 | 0.5345157 | 1.6204200 | 0.1963495
 7 | -2.3561945 | -2.3071071 | -2.2580197 | -0.6007659 | -0.0279103 | 0.5345157 | 0.0981748
 8 | -2.3071071 | -2.2825634 | -2.2580197 | -0.0279103 | 0.2547293 | 0.5345157 | 0.0490874
 9 | -2.3071071 | -2.2948353 | -2.2825634 | -0.0279103 | 0.1137509 | 0.2547293 | 0.0245437
10 | -2.3071071 | -2.3009712 | -2.2948353 | -0.0279103 | 0.0430038 | 0.1137509 | 0.0122718
11 | -2.3071071 | -2.3040391 | -2.3009712 | -0.0279103 | 0.0075673 | 0.0430038 | 0.0061359
12 | -2.3071071 | -2.3055731 | -2.3040391 | -0.0279103 | -0.0101664 | 0.0075673 | 0.0030680
13 | -2.3055731 | -2.3048061 | -2.3040391 | -0.0101664 | -0.0012982 | 0.0075673 | 0.0015340
14 | -2.3048061 | -2.3044226 | -2.3040391 | -0.0012982 | 0.0031349 | 0.0075673 | 0.0007670
15 | -2.3048061 | -2.3046144 | -2.3044226 | -0.0012982 | 0.0009184 | 0.0031349 | 0.0003835
16 | -2.3048061 | -2.3047103 | -2.3046144 | -0.0012982 | -0.0001899 | 0.0009184 | 0.0001917
17 | -2.3047103 | -2.3046623 | -2.3046144 | -0.0001899 | 0.0003643 | 0.0009184 | 0.0000959
18 | -2.3047103 | -2.3046863 | -2.3046623 | -0.0001899 | 0.0000872 | 0.0003643 | 0.0000479
19 | -2.3047103 | -2.3046983 | -2.3046863 | -0.0001899 | -0.0000514 | 0.0000872 | 0.0000240
20 | -2.3046983 | -2.3046923 | -2.3046863 | -0.0000514 | 0.0000179 | 0.0000872 | 0.0000120
21 | -2.3046983 | -2.3046953 | -2.3046923 | -0.0000514 | -0.0000167 | 0.0000179 | 0.0000060
22 | -2.3046953 | -2.3046938 | -2.3046923 | -0.0000167 | 0.0000006 | 0.0000179 | 0.0000030
23 | -2.3046953 | -2.3046945 | -2.3046938 | -0.0000167 | -0.0000081 | 0.0000006 | 0.0000015
24 | -2.3046945 | -2.3046942 | -2.3046938 | -0.0000081 | -0.0000037 | 0.0000006 | 0.0000007
25 | -2.3046942 | -2.3046940 | -2.3046938 | -0.0000037 | -0.0000016 | 0.0000006 | 0.0000004
26 | -2.3046940 | -2.3046939 | -2.3046938 | -0.0000016 | -0.0000005 | 0.0000006 | 0.0000002
27 | -2.3046939 | -2.3046938 | -2.3046938 | -0.0000005 | 0.0000001 | 0.0000006 | 0.0000001
28 | -2.3046939 | -2.3046939 | -2.3046938 | -0.0000005 | -0.0000002 | 0.0000001 | 0.0000000
29 | -2.3046939 | -2.3046938 | -2.3046938 | -0.0000002 | -0.0000001 | 0.0000001 | 0.0000000
[6.042529834885358, -20.136965030226847]
El intervalo es el siguiente-3.141592653589793 3.141592653589793+ , obtenido en {intentos} iteraciones
 i |     a     |     c     |     b     |     fa    |     fc     |     fb     |   b-a
----------------------------------------------------------------------------------------
 1 | -3.1415927 | 0.0000000 | 3.1415927 | 6.0425298 | -7.0472176 | -20.1369650 | 6.2831853
 2 | -3.1415927 | -1.5707963 | 0.0000000 | 6.0425298 | -11.5545445 | -7.0472176 | 3.1415927
 3 | -3.1415927 | -2.3561945 | -1.5707963 | 6.0425298 | -5.8620405 | -11.5545445 | 1.5707963
 4 | -3.1415927 | -2.7488936 | -2.3561945 | 6.0425298 | -0.3267843 | -5.8620405 | 0.7853982
 5 | -3.1415927 | -2.9452431 | -2.7488936 | 6.0425298 | 2.8218734 | -0.3267843 | 0.3926991
 6 | -2.9452431 | -2.8470683 | -2.7488936 | 2.8218734 | 1.2292113 | -0.3267843 | 0.1963495
 7 | -2.8470683 | -2.7979810 | -2.7488936 | 1.2292113 | 0.4455238 | -0.3267843 | 0.0981748
 8 | -2.7979810 | -2.7734373 | -2.7488936 | 0.4455238 | 0.0578134 | -0.3267843 | 0.0490874
 9 | -2.7734373 | -2.7611654 | -2.7488936 | 0.0578134 | -0.1348910 | -0.3267843 | 0.0245437
10 | -2.7734373 | -2.7673013 | -2.7611654 | 0.0578134 | -0.0386382 | -0.1348910 | 0.0122718
11 | -2.7734373 | -2.7703693 | -2.7673013 | 0.0578134 | 0.0095630 | -0.0386382 | 0.0061359
12 | -2.7703693 | -2.7688353 | -2.7673013 | 0.0095630 | -0.0145438 | -0.0386382 | 0.0030680
13 | -2.7703693 | -2.7696023 | -2.7688353 | 0.0095630 | -0.0024919 | -0.0145438 | 0.0015340
14 | -2.7703693 | -2.7699858 | -2.7696023 | 0.0095630 | 0.0035352 | -0.0024919 | 0.0007670
15 | -2.7699858 | -2.7697941 | -2.7696023 | 0.0035352 | 0.0005215 | -0.0024919 | 0.0003835
16 | -2.7697941 | -2.7696982 | -2.7696023 | 0.0005215 | -0.0009852 | -0.0024919 | 0.0001917
17 | -2.7697941 | -2.7697461 | -2.7696982 | 0.0005215 | -0.0002318 | -0.0009852 | 0.0000959
18 | -2.7697941 | -2.7697701 | -2.7697461 | 0.0005215 | 0.0001448 | -0.0002318 | 0.0000479
19 | -2.7697701 | -2.7697581 | -2.7697461 | 0.0001448 | -0.0000435 | -0.0002318 | 0.0000240
20 | -2.7697701 | -2.7697641 | -2.7697581 | 0.0001448 | 0.0000507 | -0.0000435 | 0.0000120
21 | -2.7697641 | -2.7697611 | -2.7697581 | 0.0000507 | 0.0000036 | -0.0000435 | 0.0000060
22 | -2.7697611 | -2.7697596 | -2.7697581 | 0.0000036 | -0.0000200 | -0.0000435 | 0.0000030
23 | -2.7697611 | -2.7697604 | -2.7697596 | 0.0000036 | -0.0000082 | -0.0000200 | 0.0000015
24 | -2.7697611 | -2.7697607 | -2.7697604 | 0.0000036 | -0.0000023 | -0.0000082 | 0.0000007
25 | -2.7697611 | -2.7697609 | -2.7697607 | 0.0000036 | 0.0000006 | -0.0000023 | 0.0000004
26 | -2.7697609 | -2.7697608 | -2.7697607 | 0.0000006 | -0.0000008 | -0.0000023 | 0.0000002
27 | -2.7697609 | -2.7697609 | -2.7697608 | 0.0000006 | -0.0000001 | -0.0000008 | 0.0000001
28 | -2.7697609 | -2.7697609 | -2.7697609 | 0.0000006 | 0.0000003 | -0.0000001 | 0.0000000
29 | -2.7697609 | -2.7697609 | -2.7697609 | 0.0000003 | 0.0000001 | -0.0000001 | 0.0000000
[2.915329733016488, 0.10006196878467133]
El intervalo es el siguiente-6.141592653589793 6.141592653589793+ , obtenido en {intentos} iteraciones
 i |     a     |     c     |     b     |     fa    |     fc     |     fb     |   b-a
----------------------------------------------------------------------------------------
 1 | -6.1415927 | 0.0000000 | 6.1415927 | 6.6981084 | 1.5076959 | -12.2967656 | 12.2831853
 2 | 0.0000000 | 3.0707963 | 6.1415927 | 1.5076959 | 1.2069977 | -12.2967656 | 6.1415927
 3 | 3.0707963 | 4.6061945 | 6.1415927 | 1.2069977 | -25.5902987 | -12.2967656 | 3.0707963
 4 | 3.0707963 | 3.8384954 | 4.6061945 | 1.2069977 | -12.9495074 | -25.5902987 | 1.5353982
 5 | 3.0707963 | 3.4546459 | 3.8384954 | 1.2069977 | -5.4199165 | -12.9495074 | 0.7676991
 6 | 3.0707963 | 3.2627211 | 3.4546459 | 1.2069977 | -1.9265723 | -5.4199165 | 0.3838495
 7 | 3.0707963 | 3.1667587 | 3.2627211 | 1.2069977 | -0.3077646 | -1.9265723 | 0.1919248
 8 | 3.0707963 | 3.1187775 | 3.1667587 | 1.2069977 | 0.4634083 | -0.3077646 | 0.0959624
 9 | 3.1187775 | 3.1427681 | 3.1667587 | 0.4634083 | 0.0811760 | -0.3077646 | 0.0479812
10 | 3.1427681 | 3.1547634 | 3.1667587 | 0.0811760 | -0.1124679 | -0.3077646 | 0.0239906
11 | 3.1427681 | 3.1487658 | 3.1547634 | 0.0811760 | -0.0154379 | -0.1124679 | 0.0119953
12 | 3.1427681 | 3.1457669 | 3.1487658 | 0.0811760 | 0.0329213 | -0.0154379 | 0.0059976
13 | 3.1457669 | 3.1472664 | 3.1487658 | 0.0329213 | 0.0087547 | -0.0154379 | 0.0029988
14 | 3.1472664 | 3.1480161 | 3.1487658 | 0.0087547 | -0.0033383 | -0.0154379 | 0.0014994
15 | 3.1472664 | 3.1476412 | 3.1480161 | 0.0087547 | 0.0027090 | -0.0033383 | 0.0007497
16 | 3.1476412 | 3.1478286 | 3.1480161 | 0.0027090 | -0.0003144 | -0.0033383 | 0.0003749
17 | 3.1476412 | 3.1477349 | 3.1478286 | 0.0027090 | 0.0011974 | -0.0003144 | 0.0001874
18 | 3.1477349 | 3.1477818 | 3.1478286 | 0.0011974 | 0.0004415 | -0.0003144 | 0.0000937
19 | 3.1477818 | 3.1478052 | 3.1478286 | 0.0004415 | 0.0000635 | -0.0003144 | 0.0000469
20 | 3.1478052 | 3.1478169 | 3.1478286 | 0.0000635 | -0.0001255 | -0.0003144 | 0.0000234
21 | 3.1478052 | 3.1478111 | 3.1478169 | 0.0000635 | -0.0000310 | -0.0001255 | 0.0000117
22 | 3.1478052 | 3.1478081 | 3.1478111 | 0.0000635 | 0.0000163 | -0.0000310 | 0.0000059
23 | 3.1478081 | 3.1478096 | 3.1478111 | 0.0000163 | -0.0000073 | -0.0000310 | 0.0000029
24 | 3.1478081 | 3.1478089 | 3.1478096 | 0.0000163 | 0.0000045 | -0.0000073 | 0.0000015
25 | 3.1478089 | 3.1478092 | 3.1478096 | 0.0000045 | -0.0000014 | -0.0000073 | 0.0000007
26 | 3.1478089 | 3.1478090 | 3.1478092 | 0.0000045 | 0.0000015 | -0.0000014 | 0.0000004
27 | 3.1478090 | 3.1478091 | 3.1478092 | 0.0000015 | 0.0000000 | -0.0000014 | 0.0000002
28 | 3.1478091 | 3.1478092 | 3.1478092 | 0.0000000 | -0.0000007 | -0.0000014 | 0.0000001
29 | 3.1478091 | 3.1478092 | 3.1478092 | 0.0000000 | -0.0000003 | -0.0000007 | 0.0000000
30 | 3.1478091 | 3.1478092 | 3.1478092 | 0.0000000 | -0.0000001 | -0.0000003 | 0.0000000
[0.891191134514961, 8.684653634323514]
El intervalo es el siguiente-6.141592653589793 6.141592653589793+ , obtenido en {intentos} iteraciones
 i |     a     |     c     |     b     |     fa    |     fc     |     fb     |   b-a
----------------------------------------------------------------------------------------
 1 | -6.1415927 | 0.0000000 | 6.1415927 | 28.4253874 | 4.7879224 | -11.1012592 | 12.2831853
 2 | 0.0000000 | 3.0707963 | 6.1415927 | 4.7879224 | 7.6086386 | -11.1012592 | 6.1415927
 3 | 3.0707963 | 4.6061945 | 6.1415927 | 7.6086386 | 21.7491752 | -11.1012592 | 3.0707963
 4 | 4.6061945 | 5.3738936 | 6.1415927 | 21.7491752 | 10.9724989 | -11.1012592 | 1.5353982
 5 | 5.3738936 | 5.7577431 | 6.1415927 | 10.9724989 | 0.7803981 | -11.1012592 | 0.7676991
 6 | 5.7577431 | 5.9496679 | 6.1415927 | 0.7803981 | -5.0503532 | -11.1012592 | 0.3838495
 7 | 5.7577431 | 5.8537055 | 5.9496679 | 0.7803981 | -2.0937622 | -5.0503532 | 0.1919248
 8 | 5.7577431 | 5.8057243 | 5.8537055 | 0.7803981 | -0.6447471 | -2.0937622 | 0.0959624
 9 | 5.7577431 | 5.7817337 | 5.8057243 | 0.7803981 | 0.0710074 | -0.6447471 | 0.0479812
10 | 5.7817337 | 5.7937290 | 5.8057243 | 0.0710074 | -0.2860989 | -0.6447471 | 0.0239906
11 | 5.7817337 | 5.7877314 | 5.7937290 | 0.0710074 | -0.1073499 | -0.2860989 | 0.0119953
12 | 5.7817337 | 5.7847325 | 5.7877314 | 0.0710074 | -0.0181219 | -0.1073499 | 0.0059976
13 | 5.7817337 | 5.7832331 | 5.7847325 | 0.0710074 | 0.0264552 | -0.0181219 | 0.0029988
14 | 5.7832331 | 5.7839828 | 5.7847325 | 0.0264552 | 0.0041697 | -0.0181219 | 0.0014994
15 | 5.7839828 | 5.7843577 | 5.7847325 | 0.0041697 | -0.0069753 | -0.0181219 | 0.0007497
16 | 5.7839828 | 5.7841703 | 5.7843577 | 0.0041697 | -0.0014026 | -0.0069753 | 0.0003749
17 | 5.7839828 | 5.7840765 | 5.7841703 | 0.0041697 | 0.0013836 | -0.0014026 | 0.0001874
18 | 5.7840765 | 5.7841234 | 5.7841703 | 0.0013836 | -0.0000095 | -0.0014026 | 0.0000937
19 | 5.7840765 | 5.7841000 | 5.7841234 | 0.0013836 | 0.0006871 | -0.0000095 | 0.0000469
20 | 5.7841000 | 5.7841117 | 5.7841234 | 0.0006871 | 0.0003388 | -0.0000095 | 0.0000234
21 | 5.7841117 | 5.7841175 | 5.7841234 | 0.0003388 | 0.0001647 | -0.0000095 | 0.0000117
22 | 5.7841175 | 5.7841205 | 5.7841234 | 0.0001647 | 0.0000776 | -0.0000095 | 0.0000059
23 | 5.7841205 | 5.7841219 | 5.7841234 | 0.0000776 | 0.0000340 | -0.0000095 | 0.0000029
24 | 5.7841219 | 5.7841227 | 5.7841234 | 0.0000340 | 0.0000123 | -0.0000095 | 0.0000015
25 | 5.7841227 | 5.7841230 | 5.7841234 | 0.0000123 | 0.0000014 | -0.0000095 | 0.0000007
26 | 5.7841230 | 5.7841232 | 5.7841234 | 0.0000014 | -0.0000040 | -0.0000095 | 0.0000004
27 | 5.7841230 | 5.7841231 | 5.7841232 | 0.0000014 | -0.0000013 | -0.0000040 | 0.0000002
28 | 5.7841230 | 5.7841231 | 5.7841231 | 0.0000014 | 0.0000000 | -0.0000013 | 0.0000001
29 | 5.7841231 | 5.7841231 | 5.7841231 | 0.0000000 | -0.0000006 | -0.0000013 | 0.0000000
30 | 5.7841231 | 5.7841231 | 5.7841231 | 0.0000000 | -0.0000003 | -0.0000006 | 0.0000000
[23.46718947350832, -9.906542175979496]
El intervalo es el siguiente-3.141592653589793 3.141592653589793+ , obtenido en {intentos} iteraciones
 i |     a     |     c     |     b     |     fa    |     fc     |     fb     |   b-a
----------------------------------------------------------------------------------------
 1 | -3.1415927 | 0.0000000 | 3.1415927 | 23.4671895 | 6.7803236 | -9.9065422 | 6.2831853
 2 | 0.0000000 | 1.5707963 | 3.1415927 | 6.7803236 | 9.1865138 | -9.9065422 | 3.1415927
 3 | 1.5707963 | 2.3561945 | 3.1415927 | 9.1865138 | 1.4588944 | -9.9065422 | 1.5707963
 4 | 2.3561945 | 2.7488936 | 3.1415927 | 1.4588944 | -4.2551235 | -9.9065422 | 0.7853982
 5 | 2.3561945 | 2.5525440 | 2.7488936 | 1.4588944 | -1.3325580 | -4.2551235 | 0.3926991
 6 | 2.3561945 | 2.4543693 | 2.5525440 | 1.4588944 | 0.0879147 | -1.3325580 | 0.1963495
 7 | 2.4543693 | 2.5034566 | 2.5525440 | 0.0879147 | -0.6171323 | -1.3325580 | 0.0981748
 8 | 2.4543693 | 2.4789130 | 2.5034566 | 0.0879147 | -0.2631836 | -0.6171323 | 0.0490874
 9 | 2.4543693 | 2.4666411 | 2.4789130 | 0.0879147 | -0.0872624 | -0.2631836 | 0.0245437
10 | 2.4543693 | 2.4605052 | 2.4666411 | 0.0879147 | 0.0004211 | -0.0872624 | 0.0122718
11 | 2.4605052 | 2.4635731 | 2.4666411 | 0.0004211 | -0.0433971 | -0.0872624 | 0.0061359
12 | 2.4605052 | 2.4620392 | 2.4635731 | 0.0004211 | -0.0214821 | -0.0433971 | 0.0030680
13 | 2.4605052 | 2.4612722 | 2.4620392 | 0.0004211 | -0.0105290 | -0.0214821 | 0.0015340
14 | 2.4605052 | 2.4608887 | 2.4612722 | 0.0004211 | -0.0050536 | -0.0105290 | 0.0007670
15 | 2.4605052 | 2.4606969 | 2.4608887 | 0.0004211 | -0.0023161 | -0.0050536 | 0.0003835
16 | 2.4605052 | 2.4606011 | 2.4606969 | 0.0004211 | -0.0009475 | -0.0023161 | 0.0001917
17 | 2.4605052 | 2.4605531 | 2.4606011 | 0.0004211 | -0.0002632 | -0.0009475 | 0.0000959
18 | 2.4605052 | 2.4605292 | 2.4605531 | 0.0004211 | 0.0000790 | -0.0002632 | 0.0000479
19 | 2.4605292 | 2.4605411 | 2.4605531 | 0.0000790 | -0.0000921 | -0.0002632 | 0.0000240
20 | 2.4605292 | 2.4605351 | 2.4605411 | 0.0000790 | -0.0000066 | -0.0000921 | 0.0000120
21 | 2.4605292 | 2.4605321 | 2.4605351 | 0.0000790 | 0.0000362 | -0.0000066 | 0.0000060
22 | 2.4605321 | 2.4605336 | 2.4605351 | 0.0000362 | 0.0000148 | -0.0000066 | 0.0000030
23 | 2.4605336 | 2.4605344 | 2.4605351 | 0.0000148 | 0.0000041 | -0.0000066 | 0.0000015
24 | 2.4605344 | 2.4605348 | 2.4605351 | 0.0000041 | -0.0000012 | -0.0000066 | 0.0000007
25 | 2.4605344 | 2.4605346 | 2.4605348 | 0.0000041 | 0.0000014 | -0.0000012 | 0.0000004
26 | 2.4605346 | 2.4605347 | 2.4605348 | 0.0000014 | 0.0000001 | -0.0000012 | 0.0000002
27 | 2.4605347 | 2.4605347 | 2.4605348 | 0.0000001 | -0.0000006 | -0.0000012 | 0.0000001
28 | 2.4605347 | 2.4605347 | 2.4605347 | 0.0000001 | -0.0000002 | -0.0000006 | 0.0000000
29 | 2.4605347 | 2.4605347 | 2.4605347 | 0.0000001 | -0.0000001 | -0.0000002 | 0.0000000
[-14.410243842221458, 10.69173532952494]
El intervalo es el siguiente-3.141592653589793 3.141592653589793+ , obtenido en {intentos} iteraciones
 i |     a     |     c     |     b     |     fa    |     fc     |     fb     |   b-a
----------------------------------------------------------------------------------------
 1 | -3.1415927 | 0.0000000 | 3.1415927 | -14.4102438 | -1.8592543 | 10.6917353 | 6.2831853
 2 | 0.0000000 | 1.5707963 | 3.1415927 | -1.8592543 | -3.0825694 | 10.6917353 | 3.1415927
 3 | 1.5707963 | 2.3561945 | 3.1415927 | -3.0825694 | 4.4753592 | 10.6917353 | 1.5707963
 4 | 1.5707963 | 1.9634954 | 2.3561945 | -3.0825694 | 0.3318458 | 4.4753592 | 0.7853982
 5 | 1.5707963 | 1.7671459 | 1.9634954 | -3.0825694 | -1.5209177 | 0.3318458 | 0.3926991
 6 | 1.7671459 | 1.8653206 | 1.9634954 | -1.5209177 | -0.6249899 | 0.3318458 | 0.1963495
 7 | 1.8653206 | 1.9144080 | 1.9634954 | -0.6249899 | -0.1533597 | 0.3318458 | 0.0981748
 8 | 1.9144080 | 1.9389517 | 1.9634954 | -0.1533597 | 0.0876543 | 0.3318458 | 0.0490874
 9 | 1.9144080 | 1.9266799 | 1.9389517 | -0.1533597 | -0.0332636 | 0.0876543 | 0.0245437
10 | 1.9266799 | 1.9328158 | 1.9389517 | -0.0332636 | 0.0270943 | 0.0876543 | 0.0122718
11 | 1.9266799 | 1.9297478 | 1.9328158 | -0.0332636 | -0.0031101 | 0.0270943 | 0.0061359
12 | 1.9297478 | 1.9312818 | 1.9328158 | -0.0031101 | 0.0119857 | 0.0270943 | 0.0030680
13 | 1.9297478 | 1.9305148 | 1.9312818 | -0.0031101 | 0.0044362 | 0.0119857 | 0.0015340
14 | 1.9297478 | 1.9301313 | 1.9305148 | -0.0031101 | 0.0006626 | 0.0044362 | 0.0007670
15 | 1.9297478 | 1.9299396 | 1.9301313 | -0.0031101 | -0.0012239 | 0.0006626 | 0.0003835
16 | 1.9299396 | 1.9300355 | 1.9301313 | -0.0012239 | -0.0002806 | 0.0006626 | 0.0001917
17 | 1.9300355 | 1.9300834 | 1.9301313 | -0.0002806 | 0.0001910 | 0.0006626 | 0.0000959
18 | 1.9300355 | 1.9300594 | 1.9300834 | -0.0002806 | -0.0000448 | 0.0001910 | 0.0000479
19 | 1.9300594 | 1.9300714 | 1.9300834 | -0.0000448 | 0.0000731 | 0.0001910 | 0.0000240
20 | 1.9300594 | 1.9300654 | 1.9300714 | -0.0000448 | 0.0000141 | 0.0000731 | 0.0000120
21 | 1.9300594 | 1.9300624 | 1.9300654 | -0.0000448 | -0.0000153 | 0.0000141 | 0.0000060
22 | 1.9300624 | 1.9300639 | 1.9300654 | -0.0000153 | -0.0000006 | 0.0000141 | 0.0000030
23 | 1.9300639 | 1.9300647 | 1.9300654 | -0.0000006 | 0.0000068 | 0.0000141 | 0.0000015
24 | 1.9300639 | 1.9300643 | 1.9300647 | -0.0000006 | 0.0000031 | 0.0000068 | 0.0000007
25 | 1.9300639 | 1.9300641 | 1.9300643 | -0.0000006 | 0.0000012 | 0.0000031 | 0.0000004
26 | 1.9300639 | 1.9300640 | 1.9300641 | -0.0000006 | 0.0000003 | 0.0000012 | 0.0000002
27 | 1.9300639 | 1.9300640 | 1.9300640 | -0.0000006 | -0.0000001 | 0.0000003 | 0.0000001
28 | 1.9300640 | 1.9300640 | 1.9300640 | -0.0000001 | 0.0000001 | 0.0000003 | 0.0000000
29 | 1.9300640 | 1.9300640 | 1.9300640 | -0.0000001 | -0.0000000 | 0.0000001 | 0.0000000
